time,x,y,z,phi,theta,psi,x_velocity,y_velocity,z_velocity,phi_velocity,theta_velocity,psi_velocity,rotor_speed1,rotor_speed2,rotor_speed3,rotor_speed4
0.06,8.324622778168763e-08,1.1503829817624519e-07,10.002157979363112,0.00013092820149029905,6.282925704684995,0.0,1.3688357019984148e-05,1.0556305999142627e-05,0.07193018680547696,0.006223897012744381,-0.014807849253056785,0.0,429.9121623024033,428.65595017373516,426.2483020788055,426.77971961442165
0.12000000000000001,1.0747910237256703e-05,5.3237001441849344e-06,10.012193853966115,0.0002641001541299204,6.282111550345549,0.0,0.0004399395219336961,0.00019406644970341481,0.2625736984852853,-0.00731805211262106,-0.011200521318094622,0.0,464.59348675788834,464.8763073804119,465.3681196266215,464.3070739951721
0.18,6.24332869221493e-05,2.08027637089491e-05,10.031517762926478,6.282945367009567,6.280978310091744,0.0,0.0013690071155044753,0.0002725662644521746,0.38152360122913737,-0.010658963624633455,-0.04233884590348819,0.0,444.1653021364004,441.6045545605885,443.1743021535907,442.8997743457691
0.23999999999999996,0.00019793192021580564,3.034638946242499e-05,10.056872299871706,6.282670620276001,6.278882644168682,0.0,0.0033747924137307213,2.287077481560854e-06,0.4635966629316747,0.005425212353059525,-0.023170443415765768,0.0,430.7612496163498,432.37825423539306,430.4369095390669,431.7957790248771
0.3,0.0004919709877842868,2.120998009747576e-05,10.087279257822713,6.28287035776235,6.278109620039526,0.0,0.006529081201898172,-0.0002801882135844043,0.5499300114346739,-0.0012332897253872098,0.0022879220356156246,0.0,430.9923059688172,433.1383749480846,433.7819556968154,433.22247539040177
0.36000000000000004,0.0009725224634862914,-1.2936502205218274e-06,10.120233197150872,6.2829216740815035,6.2784384622525415,0.0,0.009468448065440274,-0.00047066149231103844,0.5485354138771792,0.004735783051637646,0.011204026584299785,0.0,403.4945824441739,404.2985096357616,403.38126765081824,403.91984167617426
0.4200000000000001,0.0016307965710237093,-3.373911007420227e-05,10.155017650047325,6.283021501193659,6.279235697429458,0.0,0.012402725332289817,-0.000591518807844561,0.610914966866011,-0.0053240241038490215,0.017158162449069904,0.0,424.60315576662896,425.1134736831917,425.82042095626076,424.959088406704
0.48000000000000015,0.0024566650781042178,-7.422087339230575e-05,10.195966498813842,6.282506307271367,6.280857187347399,0.0,0.014976791008266863,-0.0008020380749493595,0.7539632428044148,-0.01607492993143404,0.041726123560891906,0.0,449.7948367617934,451.7799615095065,451.16589657467864,450.2972801323489
0.5400000000000001,0.0033983926402891365,-0.0001422975573141146,10.246697853800887,6.281298828994846,0.00022072587836596824,0.0,0.01612509779097276,-0.0015893937016858636,0.9369499242778973,-0.029790992989360048,0.043948462086548415,0.0,463.2926426338413,463.4682235505498,463.3283419598575,462.2488969061507
0.6000000000000002,0.0043497102217871925,-0.00028866869944548304,10.308214594577718,6.2792879496498735,0.002685593409887943,0.0,0.01529568013625086,-0.0035030527707602655,1.1134518849972643,-0.042254810139539474,0.034623501979473906,0.0,462.2780196685001,461.54354772730295,461.4486225192203,460.4633628766691
0.6600000000000003,0.005199164543265964,-0.0005954450545711615,10.379523317136167,6.276920136085273,0.004273943574878203,0.0,0.012808780330123695,-0.006989750008376345,1.2633497707611394,-0.03439696563650597,0.0004295202873348808,0.0,454.6145459757994,451.8668313766261,453.8488877700979,454.4783004427406
0.7200000000000003,0.0058642136557065,-0.0011752068714361759,10.461777066103812,6.274637098686068,0.0045486160481731375,0.0,0.0093414708381482,-0.01259109847957278,1.4781872430116405,-0.04659609170538385,0.011798010819115416,0.0,473.5076721697363,474.38127687743884,473.5369012430992,472.5970156524397
0.7800000000000004,0.0063326819977471355,-0.002106767599091134,10.55224226658142,6.271934587629909,0.006064523930425558,0.0,0.006159696575876844,-0.018723797236258177,1.537238562411778,-0.042102570445016904,0.04371037186071233,0.0,425.3394639998914,428.0636697221274,424.9240615959305,425.3077848484323
0.8400000000000004,0.00653894451828853,-0.003521191125626638,10.651642927076066,6.269108762469191,0.009168506740284244,0.0,0.00036289681479266664,-0.0287442729461524,1.7757710168669036,-0.05964745108365825,0.06425590774343927,0.0,481.1247933225855,482.6791163564535,481.0027030746298,479.6710563736476
0.9000000000000005,0.006346555705898748,-0.005564366659312224,10.762200863369566,6.2649448072273906,0.012997460089156476,0.0,-0.007184720249794458,-0.03974971501068805,1.909269581032431,-0.1100701600080139,0.06292143513512416,0.0,451.00818810372624,450.90330908635895,452.06483540617916,447.97893770788414
0.9600000000000005,0.00561364890240432,-0.008378414040215516,10.881136802796496,6.2581566219112865,0.01654595847426421,0.0,-0.01764183933624725,-0.05477415998470389,2.054990088592895,-0.12010135055583988,0.05024699883322072,0.0,455.2670060442499,454.25416653403937,455.1239745446617,454.3093005458278
1.0200000000000005,0.0041705528688825615,-0.012257248259041434,11.009242906081216,6.25059064608714,0.019093540116232433,0.0,-0.030773984543026548,-0.0753265387873415,2.2148883386532296,-0.14212153716462256,0.018482224499370422,0.0,460.48767209254663,457.96899380052406,460.9265528480235,459.16882081569355
1.0800000000000005,0.0018949591397482031,-0.01753570897700079,11.146676106731878,6.242046318009729,0.02057582273157088,0.0,-0.04521771560839197,-0.10154659167633759,2.3658801786661647,-0.14297878194357944,0.03490171490116895,0.0,456.61206000172945,457.9200867309743,458.03060079388,457.9441782349118
1.1400000000000006,-0.0012873928125273811,-0.024582875022982575,11.293295974971976,6.233037894610458,0.023240833334509325,0.0,-0.06112123823774052,-0.1343058112814669,2.5210681487698627,-0.17096862433538004,0.05871638760680924,0.0,458.58103901975403,460.4697618936426,460.8416668957243,458.6028409127787
1.2000000000000006,-0.005542213404109994,-0.03392009604644241,11.45145213046024,6.222764132307628,0.026838685136496565,0.0,-0.08112528762920088,-0.17814969213952364,2.7501986439961494,-0.17175527435228746,0.06234880574032923,0.0,481.96581800255234,482.2424966381238,482.61770096220454,482.53272702074315
1.2600000000000007,-0.010974275250776358,-0.04588534422213286,11.61925477377344,6.212162128495631,0.030886308330976497,0.0,-0.10033232961534339,-0.22172888970647872,2.8429103217583,-0.18907107008683985,0.0761025444592601,0.0,441.21948982634774,442.3569135427844,443.73492526639285,442.280589031861
1.3200000000000007,-0.017784913591787677,-0.061008763350262056,11.797018632773751,6.201142687090467,0.03526684876428732,0.0,-0.12721964616709247,-0.283705648573844,3.0818059761674785,-0.1745918955530371,0.06597008860676606,0.0,486.8688769953816,486.11380698062766,487.1138095780868,488.1657729855542
1.3800000000000008,-0.026249640030789452,-0.07996726892640857,11.987277350840333,6.191161374848743,0.0391829894454796,0.0,-0.155368010400036,-0.3493569638405867,3.259528663816091,-0.15358042639232006,0.0638293602599484,0.0,470.4147077883134,470.25179489263763,470.2373527657195,471.83708597292195
1.4400000000000008,-0.03635952565269138,-0.10277519299480278,12.184843840452222,6.182737601305352,0.042763746284697035,0.0,-0.18198239152013068,-0.4117337856386645,3.3257141419702037,-0.12223853687598434,0.04972557499883712,0.0,437.77962474302655,436.60699422378167,436.6008451946504,439.18861531382754
1.5000000000000009,-0.04815575486352147,-0.12953631999188248,12.386861678681136,6.175274035745758,0.04580617717452995,0.0,-0.21151479065124318,-0.48101084081959367,3.407857071954221,-0.12908745484468417,0.052600814488248826,0.0,442.7630975885393,443.0012334611001,443.97524001606354,443.39880599987464
1.560000000000001,-0.061724921874094674,-0.1604618517231732,12.59247808985551,6.167229284835177,0.048582286153139975,0.0,-0.24106573749743823,-0.550555021748231,3.4457848710709453,-0.14660760551100596,0.02894559641082876,0.0,430.69235890864206,428.6881740546878,430.7341237714141,429.23230631652575
1.620000000000001,-0.07729827297943692,-0.19615503613713908,12.804075112900337,6.1582841488355005,0.050174103870419984,0.0,-0.2782068298775214,-0.6401395876367019,3.606786212292041,-0.15456235933307474,0.02120052305637915,0.0,468.95715953057123,468.3552567129602,469.4801828934033,468.84288885795206
1.680000000000001,-0.09496660287180686,-0.23700542577503458,13.022000245768961,6.149515551247777,0.05169133857786257,0.0,-0.31086213330722356,-0.722366379273047,3.6570638953152987,-0.1331451143439486,0.032412198680314086,0.0,434.4920454634973,435.43116989716077,435.80249494532006,437.5683159739234
1.740000000000001,-0.11466301556574199,-0.28305000866896346,13.243625017000006,6.1410984073102775,0.05348723923259424,0.0,-0.34585641616265833,-0.8132144312476107,3.7300199340928906,-0.16102031416104923,0.024442212116578686,0.0,443.72894148670093,443.07442637555465,445.344019130453,443.0389401806039
1.8000000000000012,-0.13618039909831897,-0.333882653521504,13.463823838179074,6.131262332405381,0.05581642902346573,0.0,-0.3715496000045318,-0.881937769356427,3.6101734267551087,-0.17050386818543964,0.05811884133991227,0.0,376.5237233190066,379.7690363260361,379.2997872026782,378.3569536531674
1.8600000000000012,-0.15961971402105085,-0.3899078030569132,13.682798318243377,6.120696895987422,0.058975050256979245,0.0,-0.41007915687420715,-0.9865445731387698,3.6884721869941335,-0.19061443042472823,0.03848615650394938,0.0,447.25573783093455,445.6555230888517,446.4788773304137,444.80472522301653
1.9200000000000013,-0.18546643072283617,-0.45252347378894897,13.907023269027553,6.109826154241938,0.06135318139223411,0.0,-0.45169685368072077,-1.1017101582941131,3.785083651384715,-0.1669852495181088,0.04183993348885632,0.0,452.8487936523393,453.1192656024998,451.94880456562055,453.8177957702304
1.9800000000000013,-0.2137737764780092,-0.5220226104884739,14.135610285644582,6.0996112106827045,0.06332020115992076,0.0,-0.492095921255006,-1.215844963317633,3.834038192069746,-0.17772820253647534,0.0002862305470327786,0.0,439.8451255924673,436.3902896078199,440.43136277718304,439.513616330327
2.0400000000000014,-0.24459088409834512,-0.5987333981802402,14.367972107864212,6.088406626922039,0.06319693496449741,0.0,-0.5351157941619018,-1.3421879852320362,3.910779199690804,-0.21875597701901253,-0.007203622336414337,0.0,449.05628677806004,448.4483059079227,450.810656858406,447.4474315177705
2.1000000000000014,-0.2782597130644956,-0.6841092962056694,14.609140175987761,6.075155406255622,0.062327641056213245,0.0,-0.5870531220377743,-1.5050765029621869,4.126922386316857,-0.22540971279799574,-0.035936173591537376,0.0,494.3091289392259,492.1871323575009,492.0415286820662,491.5054314765115
2.1600000000000015,-0.3148894945958048,-0.7791560056576518,14.861211159377948,6.06168348449971,0.060071171927032374,0.0,-0.633654548913431,-1.6644840057506334,4.274421701260229,-0.22283516971360445,-0.04117936931084595,0.0,474.92829869660136,474.5253657638651,474.5660619331588,474.71716041330075
2.2200000000000015,-0.3540311783443112,-0.8831964323576467,15.118243369297444,6.048737320466515,0.058398514628096976,0.0,-0.6708768461017142,-1.8046791510535933,4.292817350629592,-0.20447082682010145,-0.009592408883542515,0.0,434.9972723898339,437.6342766300086,435.1899643964517,436.67723566018856
2.2800000000000016,-0.39530090163634723,-0.9955597969186832,15.37497400204122,6.036279154653611,0.0581344354538178,0.0,-0.7047479827767933,-1.9418015850344266,4.264550375465183,-0.21485259492972805,0.004359219650124327,0.0,421.03594599006493,422.2415037596336,421.99692192521513,421.0545296339475
2.3400000000000016,-0.43890513430321304,-1.1176518239352422,15.635001615086948,6.023151914195719,0.058131146556335445,0.0,-0.7487022946756865,-2.129160726967076,4.401896934063276,-0.2281036726881466,-0.010798206706576323,0.0,477.14804606013405,475.9893759732177,475.44421085783574,474.3835177710948
2.4000000000000017,-0.4850764648691024,-1.2509769323775202,15.902063569408588,6.009528525685445,0.056986759129521225,0.0,-0.7902264362294646,-2.316254026969281,4.49913497155417,-0.22504402908426277,-0.04587187878912656,0.0,467.144698786804,464.40126565585047,465.7191213683321,465.90979277925436
2.4600000000000017,-0.5336256705387897,-1.3954171241500672,16.173479124203034,5.995940227660663,0.05449015706347016,0.0,-0.827805730503619,-2.499603651917827,4.5472139452011895,-0.22948552860401747,-0.03421992116025763,0.0,451.8520000237793,452.7895688894751,452.6914954024061,452.2839388926536
2.520000000000002,-0.5843325198796456,-1.5508542765982902,16.446787199072222,5.981970193825157,0.052592144200600544,0.0,-0.8622271756475961,-2.68281231465897,4.562315456262157,-0.2405330639250751,-0.026907342839517446,0.0,443.54019528371634,444.1400725998755,443.66983795455116,442.7073541264737
2.580000000000002,-0.6372197768652302,-1.7183916462055384,16.723611211817396,5.967807716230487,0.05124298545182082,0.0,-0.9004889186727194,-2.9030268897205196,4.663881032254659,-0.22831762048747492,-0.014854667102692837,0.0,471.94015096698183,472.86963432868293,473.0125850080685,473.90052993765386
2.640000000000002,-0.6922226500106978,-1.8984955076592533,17.003552502669834,5.954292920459764,0.05014420918376494,0.0,-0.9328374366188149,-3.1015608289115164,4.6667014709696435,-0.219730081927733,-0.026325399456931284,0.0,444.163974989721,443.22212537446205,443.72067024048124,444.3747542213699
2.700000000000002,-0.7492514571068114,-2.091452434118654,17.285587104436654,5.941634179262817,0.04869417255033781,0.0,-0.9679391690503281,-3.3314094082096632,4.73327853167683,-0.19758876483567,-0.02016752007599215,0.0,466.42212542246415,466.90282311172905,465.3393404800707,467.0275052686243
2.760000000000002,-0.808228012046269,-2.2975478800819213,17.568976867198305,5.929470900144777,0.0471508270628167,0.0,-0.9978185841823963,-3.5394116641336892,4.71232717900498,-0.21569869195342325,-0.04016166539031327,0.0,441.4497823492597,439.79633891033586,440.5636167702778,439.02214713403515
2.820000000000002,-0.868922255628054,-2.5160145119516883,17.850121553000914,5.916208857915493,0.044596180585417144,0.0,-1.0251145030228137,-3.7438603646978192,4.658540005850237,-0.2346847220883597,-0.04790747660395912,0.0,431.02251314142234,430.36619657272496,431.4315587656667,429.77450658772034
2.880000000000002,-0.9314808251494445,-2.7491798533828615,18.13362545267046,5.902911857608247,0.04113094055769917,0.0,-1.0597910400494803,-4.029407534398274,4.789802371700293,-0.20358167331358107,-0.10033941617845471,0.0,493.955472922391,490.0700970824162,491.8355919137775,494.08971919833664
2.940000000000002,-0.995874994324531,-2.998356109124816,18.421345929676104,5.890323107443201,0.03514739057819227,0.0,-1.0860991237263389,-4.277441157369271,4.799799563838639,-0.22670063674045027,-0.09852700025897734,0.0,457.2753967496169,457.41152015019475,458.8064329765263,456.9241739046374
3.000000000000002,-1.0617042040369582,-3.2623157378337067,18.70871795514466,5.877454765021941,0.02909639576672518,0.0,-1.1076631377388482,-4.522242371701634,4.7782671820583635,-0.19727000515609933,-0.10595105278001654,0.0,449.80912865274456,449.1986775613912,448.44964941367283,450.78856799870715
3.0600000000000023,-1.1287377640171268,-3.541486490373457,18.995348133440924,5.865646786710702,0.02301560814863368,0.0,-1.1262016477171493,-4.784354316532948,4.774946684684781,-0.19587662718302437,-0.09344697921993775,0.0,457.5719932152871,458.5579179486048,457.77871992132464,457.8529967309242
3.1200000000000023,-1.1966965274211385,-3.8351951803041326,19.278477779308503,5.8541864764898595,0.017977886113674124,0.0,-1.1386968802062758,-5.006888298754123,4.662201918673171,-0.18271912140617155,-0.06970151475808485,0.0,421.76668464693654,423.8065991335363,421.40499577450765,422.5032800713788
3.1800000000000024,-1.265477871675718,-4.14596109965854,19.562385666498386,5.843702982360547,0.014230541886783854,0.0,-1.1535331506034525,-5.35261314903918,4.799263263867128,-0.1622485256493872,-0.05091202155983837,0.0,506.17541209397797,507.5236330483011,505.83894016216004,507.28557738945517
3.2400000000000024,-1.3350482723926753,-4.477174734137745,19.85321153106841,5.834458578773832,0.011243023942120622,0.0,-1.1651326405935383,-5.688367433939753,4.893023989524921,-0.14137267507101434,-0.04764172472089137,0.0,498.2660986886352,498.5039123298398,496.30505121123895,497.8152105777182
3.3000000000000025,-1.4051753231912156,-4.825750764531825,20.143320146269033,5.825920929639167,0.008153413553104727,0.0,-1.1722133620320203,-5.931598067444995,4.77671337554947,-0.14420157494272798,-0.06059129084556649,0.0,431.5573909074024,430.4608042649817,431.83778701063915,431.5794978319773
3.3600000000000025,-1.4757085633044875,-5.190863496609,20.42995309163975,5.817453631881829,0.004768274787751103,0.0,-1.1785571925861744,-6.239391053162438,4.776326357372132,-0.13558686022569993,-0.049165393269803286,0.0,472.2556531019878,473.1343647265237,472.81239863922355,473.45854328562035
3.4200000000000026,-1.5465486890336853,-5.573431995289973,20.714053900744737,5.809034305182816,0.002157175289965174,0.0,-1.182554372611636,-6.513578249262003,4.692808668617659,-0.15203412073447536,-0.034114847450372375,0.0,447.8183227182323,449.04014129453503,447.58716188372506,446.2277864179949
3.4800000000000026,-1.6175866466682771,-5.9722448809286846,20.99227762523025,5.7999570160963,0.0001534007972088247,0.0,-1.185221387754632,-6.780964423689171,4.580498177474863,-0.14983823524244927,-0.03199670671211294,0.0,439.3432867584675,439.5184667130779,439.78684508051253,439.9469324413487
3.5400000000000027,-1.6887532833396115,-6.389421647384535,21.267700893165,5.791220599360049,6.281815137695023,0.0,-1.1868318993769809,-7.125419773517705,4.598471471602597,-0.13826902854982176,-0.014684304499359657,0.0,485.98421696413465,487.2803590541184,485.6312546870117,486.48055640045504
3.6000000000000028,-1.7599909759666024,-6.827012300209726,21.543188801700847,5.78243558307987,6.281092159801357,0.0,-1.1876848285411443,-7.4614427580834155,4.582808216310759,-0.17238226734286635,-0.007241910426000248,0.0,479.2637428525664,479.82935498449575,480.21620294863015,477.60142130653026
3.660000000000003,-1.8312875811127995,-7.2805512422978795,21.809524062849786,5.77195011359928,6.2807545218740675,0.0,-1.1888484904753192,-7.657701020983169,4.295180459219263,-0.1799828716171516,-0.00257914687260444,0.0,382.3632359796562,382.80745046812876,381.9424515648032,381.181579249756
3.720000000000003,-1.902632469781954,-7.74975969171159,22.06510789936948,5.761670433505861,6.28044570355801,0.0,-1.189297697275085,-7.983295254889519,4.222715893485411,-0.15804863880264733,-0.010853422494407036,0.0,464.6912290504727,464.0420665653539,462.93833677053766,464.6342781220059
3.780000000000003,-1.9740070564241048,-8.237047007800872,22.313261526095673,5.75201788644376,6.279524689545541,0.0,-1.1898026001345274,-8.260517566349568,4.048233884005203,-0.16722329769760647,-0.02634262461286914,0.0,432.2852214165867,430.9776741131948,430.31242991311143,429.509144890022
3.840000000000003,-2.045378128028473,-8.743559342643303,22.554850378840992,5.741958018783617,6.278044394584715,0.0,-1.1890968429619309,-8.623813041557556,4.002772866410515,-0.16856044236695966,-0.021523428924745684,0.0,478.9896666029174,479.35608207026036,479.48176224934116,479.3554921860268
3.900000000000003,-2.116686914164551,-9.271455719248646,22.792431355339946,5.732114365005355,6.276789465871573,0.0,-1.1877587259019846,-8.973391323928261,3.9148387543205088,-0.156321291127119,-0.01972659012761932,0.0,468.76478545504887,468.9044714256643,469.04629422600755,469.9719228816693
3.960000000000003,-2.1879097913997407,-9.819324413787621,23.0225442128541,5.723050701687132,6.276008346207236,0.0,-1.1862692499692233,-9.289717935918263,3.7543375302046407,-0.142211477563996,-0.0021713662972245914,0.0,445.5349475523445,446.96852591832976,447.5631030388938,448.68897505618924
4.020000000000002,-2.2590161030478324,-10.387733830318975,23.244991656781533,5.714647147566005,6.276059125472347,0.0,-1.183946203246183,-9.657834793224705,3.6587366043295537,-0.13607343012817125,0.006286102427488724,0.0,473.810399976758,474.4603601383715,473.10694764446976,473.5625255687096
4.080000000000001,-2.330004182402256,-10.977032505294835,23.459279819533176,5.706234076764606,6.276417017307647,0.0,-1.1823538383961383,-9.9862724471482,3.482888150051492,-0.1501461277300971,0.005314493164582891,0.0,449.41138268829667,449.3324936352891,449.4548717694891,448.2942262355533
4.14,-2.400901082448801,-11.58635495760594,23.662971100282224,5.6970289357828605,6.2770655858190825,0.0,-1.180917778046191,-10.325301638246566,3.305325593983135,-0.16092356585282822,0.02000182806203027,0.0,450.9995471741169,452.1845811096046,452.7521931836207,451.8620522484231
4.199999999999998,-2.471716902025201,-12.216921525725704,23.856798643530716,5.687766044832568,6.278428368987544,0.0,-1.179718411097847,-10.694297435619797,3.1537005810212175,-0.1437654795249611,0.027647796562586452,0.0,464.22813599069724,464.8279242213835,465.6180529410737,466.9373910246769
4.259999999999997,-2.5424768070887023,-12.870805643687838,24.042667921472763,5.679446553599803,6.27988990622052,0.0,-1.1790895487015498,-11.102359922012388,3.039653773840176,-0.13002695364651562,0.016801801154447366,0.0,483.1592637641091,482.3406126055768,483.7016672151327,484.71930622890994
4.319999999999996,-2.6132246240349257,-13.54914594792863,24.221039712069196,5.671465069518721,6.280699701031402,0.0,-1.1792538339799667,-11.50955182650338,2.903855242187412,-0.1398109070792631,0.005894937281828886,0.0,481.38993191988095,480.5634875383508,481.8042295493017,481.0488122295704
4.379999999999995,-2.6840067388734408,-14.249247195415276,24.38684546713703,5.663112572145641,6.280825672303685,0.0,-1.1801660272602328,-11.828337555147407,2.6218525303581544,-0.1380308247309809,-0.006844314894527795,0.0,432.55420261895824,431.4795779321467,431.20437571933905,431.3361583325508
4.439999999999993,-2.7548372775735492,-14.970221370269156,24.537591936463738,5.654933672218959,6.280246457551478,0.0,-1.1808191842633358,-12.205042499739307,2.401188245709815,-0.13309043266185192,-0.015965448561325667,0.0,458.50934384643375,457.7839723698676,459.11991839734753,459.49534620097523
4.499999999999992,-2.8257003138823915,-15.71348854381804,24.67404148940524,5.647000518291602,6.2789115330434875,0.0,-1.1812102104862292,-12.571591313071409,2.145445671699527,-0.1305331768077971,-0.03938357587277653,0.0,451.334838729956,449.4399476524434,449.64971727316043,449.84107926549075
4.559999999999991,-2.8965583168026305,-16.479891416756153,24.796048080657,5.638776576593267,6.276407850894847,0.0,-1.1805481677802452,-12.976084031913055,1.919306078774026,-0.15517018857483597,-0.04688443326721986,0.0,467.0447498073977,466.45827865401225,466.00236596684795,464.05477069506503
4.6199999999999894,-2.967375141517358,-17.267802014614745,24.900128400579625,5.629332650839391,6.273915445681524,0.0,-1.1798815584397724,-13.289159230007382,1.5488810259452577,-0.16226970806552313,-0.03256325723154079,0.0,414.0763576948478,415.3337732036582,413.42865292469355,412.7767495912052
4.679999999999988,-3.0381042898168937,-18.076340011145096,24.983720762996246,5.61955069593289,6.272195275218408,0.0,-1.177649753358392,-13.663353843249572,1.235575070080084,-0.16460152462878613,-0.021841210795148565,0.0,439.92916593352425,440.81619532286527,442.2618232227752,442.0441600442067
4.739999999999987,-3.108653298504769,-18.909140735921525,25.050091926666333,5.609652050876356,6.27176126762653,0.0,-1.173941483418631,-14.097613014390799,0.9740803752117837,-0.1657389424529413,0.012279981788064111,0.0,465.22368473748287,467.8888371900477,467.87240303222427,467.75931964808655
4.799999999999986,-3.1789979904641656,-19.76724505185181,25.09903468345957,5.599434215525399,6.272278501578953,0.0,-1.1709325615559083,-14.507042599075838,0.6548704328864101,-0.1814579513846643,5.643388456536523e-05,0.0,452.11437631809633,451.12791896644745,452.66638614523913,451.3715704126796
4.859999999999984,-3.2491679117655052,-20.65023013496026,25.12840148986725,5.58909470274704,6.272279570688276,0.0,-1.168075806422273,-14.926979903581005,0.3213421917235163,-0.15848139446648982,-5.953166273418345e-05,0.0,452.6630335208338,452.6536969307234,452.5425841370911,454.3607232508796
4.919999999999983,-3.319169968400884,-21.558576279518906,25.137112898638648,5.579575212923029,6.272248472357221,0.0,-1.1653345958351211,-15.352547988012676,-0.0336331244195526,-0.15901359431198286,-0.0014520968330436839,0.0,450.46802568970503,450.3553642334795,453.00919250396623,452.943018239834
4.979999999999982,-3.3890703697408764,-22.489092311337824,25.119702700720723,5.570525359908306,6.272001816460849,0.0,-1.1646652865121594,-15.666920482143752,-0.548109870120516,-0.13812075546832847,-0.010044052736144246,0.0,389.9949874703123,389.1912724533466,388.1197388800697,390.0514118817708
5.0399999999999805,-3.4588443614176394,-23.44371382045138,25.07663585921976,5.562122035472607,6.271453140728601,0.0,-1.16110963080694,-16.155062407289357,-0.890780709827256,-0.14423115600227776,-0.007403747251540454,0.0,468.68287730834953,468.8882558950681,468.8720653478074,468.3797537107293
